-0.012753577434420715,-0.009775974021555429
